0
1350273
18696
55650
31884
28900
20000
14400
14100
10000
10200
10200
27675
10404
9900
9940
9870
22836
6963
11340
292
17800
20460
75400
18000
10550
27750
7050
7050
5500
7050
4861
11300
14679
5640
5640
8404
10354
4960
5217
6698
10115
12342
7359
10063
6031
6081
4300
6300
4260
4284
8820
4230
4230
6685
5604
9688
9623
9556
3055
5575
5714
14040
3825
6102
9666
5184
6021
6021
5952
9826
6000
4122
5798
5876
5876
5725
5725
5725
13175
4758
4750
4562
4725
5650
5650
8951
5875
13275
5600
5575
3525
3525
5575
3384
2648
12072
4166
4416
3864
3243
5068
8496
7877
66704
4393
3540
3660
5600
2606
15220
4520
4520
4520
4520
3820
4520
4520
4520
4520
4520
4520
6700
4240
4520
3840
2200
2820
2820
2840
2200
2820
2820
2820
2260
2820
2820
3300
2820
2180
4393
1950
2820
2757
14824
2190
6821
2679
3629
2133
2034
2024
2021
6760
5724
2000
2000
2000
2000
6498
1991
3455
12710
1946
438
6930
3820
4204
3820
2250
1840
2754
6320
4002
3672
1788
3037
1812
7133
15090
2760
11730
7266
1161
3790
1731
1817
5070
5385
5565
9675
4203
2133
3990
3750
10470
1650
8625
1695
13560
3510
2760
9420
3375
13410
1125
2638
4578
1286
2425
2754
1596
1593
1956
1624
2064
1555
1556
2536
2534
1526
10360
4174
1856
1964
1959
2000
1986
2330
1500
17118
2330
1488
1904
2358
2380
2358
1900
3006
3006
2979
2979
1919
3006
1463
1463
1463
1463
1875
5078
2352
1456
2025
2721
120000
3084
1435
5460
4420
2873
2821
2717
1830
2899
3448
1399
2117
2948
2948
1776
1776
1776
1385
1380
2618
1776
1776
1776
1800
5608
3448
3852
4538
2330
1716
5967
2700
4554
2676
1704
2304
2964
1704
1728
2434
1325
3405
2927
2886
1277
1776
1776
1279
2675
6339
7181
1606
1738
1606
1624
2354
1250
4378
5050
5042
5038
3850
1228
1607
3850
1238
3489
3488
1582
2728
4237
4236
3476
3476
6094
2453
2728
4224
4224
1573
4972
3476
3476
3476
3476
3476
3476
5720
5720
4224
4224
4224
4224
4224
4972
5723
2585
5720
7966
4070
3256
1694
1551
2849
4136
2233
5720
11585
3759
2448
2256
2444
2444
1189
3087
5673
1907
1516
1436
1174
1863
1607
3682
1153
2323
1466
1460
2867
2304
12620
2141
3232
2529
1994
4393
2834
1158
21500
1462
2260
1750
2834
2260
2260
1460
1460
1824
1428
2140
2090
2230
2260
2880
4435
3450
6165
6165
6165
5420
5150
27110
27910
3571
2060
2820
1420
1410
1410
1100
1660
1410
4930
2080
1650
3090
1650
2100
1410
1410
1650
1410
2250
1660
1410
1410
1110
2089
6143
1513
1413
1403
1403
2587
1759
2225
1400
1081
1382
1078
1078
1078
4200
15091
1295
1100
2014
3159
1472
6730
1053
1986
2985
1682
2189
1472
1685
1596
1670
1356
1321
1317
1314
1314
1314
1025
1025
1025
1788
2104
2336
1422
14237
1310
4030
1017
1025
1025
1300
1521
1521
1521
1521
1521
1296
1296
1296
1296
1296
1296
1296
1296
1296
1305
1305
1305
1305
1323
1323
1323
4551
1917
1917
1926
1926
1008
1008
1008
1008
2271
4365
1619
2448
1971
1314
1980
1998
1286
1286
1286
2100
2100
2259
1000
1000
1000
1008
5860
1287
1287
1368
1566
1287
1566
1638
995
1890
1275
2214
2214
2214
6208
2493
2826
993
3114
7389
4050
40437
23922
8361
3132
1269
990
1269
2493
1269
1269
1269
1017
1908
1017
1296
2241
1017
999
999
1269
1017
1269
1098
990
990
990
990
1269
990
1296
1269
1017
1278
1269
1269
1296
999
918
1296
1269
1269
1278
2025
1017
4329
1269
999
990
990
1269
1278
1269
3627
1269
1269
1269
2106
990
990
1296
990
990
1017
1269
1296
2106
1485
1017
1269
1017
2709
1278
1269
1278
999
990
999
990
1017
999
1296
1296
1908
1017
1269
1269
990
1296
1269
1296
1278
1017
1269
1017
1017
1017
3123
1017
1881
1296
1017
1296
1269
1278
1296
1629
999
1278
1017
1296
1017
1908
1296
1278
1269
1017
1017
990
1017
1269
1296
990
1269
1278
990
990
1269
990
1269
999
1908
1269
1017
1377
2520
1278
1602
999
1908
1017
1017
1269
1017
1296
1017
1908
1881
1017
1017
990
1269
2853
1017
1269
1629
1296
999
1278
1881
1017
1296
990
1278
1017
999
1278
1278
3726
1017
999
1269
990
1494
1269
1269
1278
1017
1296
1017
2106
1278
1017
1278
1017
3411
4896
1269
1278
1890
1278
1278
1269
1269
1296
1269
1296
1278
1269
1017
1017
1296
1296
1269
1296
1017
1269
1269
1296
1017
1269
990
1602
1017
990
1269
1989
2214
1269
1269
1296
1278
1017
1890
1881
990
1098
1908
1908
1017
990
1269
1017
1296
1908
1269
1017
1269
1017
1017
990
2493
1278
1296
990
2520
1274
1274
1274
1274
1588
1881
1881
999
1264
2205
8270
1585
2489
2471
1593
2835
1260
1581
1286
1286
1286
1286
2295
1250
1857
1267
1267
1258
1258
1998
1863
2370
4428
1256
1986
1576
2012
2190
1255
979
979
1495
1857
1857
1857
22991
1500
1268
1268
1995
2394
1454
1454
1188
1844
1844
1250
1250
1250
1250
3484
2695
3812
3076
6276
4184
7632
8341
1303
6577
1693
7738
7800
6825
8500
5903
7711
5699
138379
2455
1356
2446
2446
5902
3651
1852
1852
1276
1276
2552
1843
1843
1843
1249
1249
1249
1249
1249
1249
9014
8084
9058
2436
2091
2201
2148
62104
5400
1416
1207
1309
3832
1304
1611
1890
1296
2200
3129
3264
876
1880
6367
7232
1928
1776
3646
924
1883
1232
1416
1356
2012
1156
1700
1168
1265
897
897
897
897
990
1144
897
2232
1160
1160
1240
1476
13800
35944
1130
5336
1648
1152
1128
888
1320
1792
2056
2552
1632
1128
1872
1128
1320
1320
9560
1128
2048
1320
2008
1844
886
1660
1125
1125
1125
1123
876
1055
844
2280
1122
875
1224
1684
1120
1142
1118
875
1119
1883
2240
1096
1302
875
1169
1521
2864
2864
3682
1699
1379
3030
1869
1420
1502
1055
853
1168
1172
816
5348
1133
5778
4707
815
2607
1455
960
9662
1750
1037
2614
2405
2311
4917
3074
2642
1015
1015
1015
1022
791
1379
1422
1015
4746
1086
1086
784
4838
1442
1442
788
1092
1092
1092
1092
1092
1021
1160
791
1262
3038
1267
2954
1323
1323
1561
1568
1939
2239
6979
1456
1547
987
3710
1421
1582
4032
1645
987
777
994
1155
1183
2212
1456
2331
1722
987
987
1484
987
1323
770
987
987
986
769
1454
1454
1936
1614
1460
2053
2835
991
1319
1319
1319
1319
1319
2532
977
1722
5921
1339
1339
1339
1325
1325
1325
1325
1220
1220
1624
1617
1059
1449
1644
1024
1003
1003
982
982
982
982
982
1316
1316
1316
1316
1316
3370
1239
1475
980
1063
924
924
4022
1000
1000
1000
986
979
979
11613
763
763
763
763
763
763
763
763
763
763
763
763
1449
1449
977
977
977
977
977
977
980
973
1290
1131
1295
964
964
964
964
964
964
964
964
1046
1046
960
769
1393
769
964
964
964
1197
1163
1235
1449
1393
1393
1393
964
964
964
1393
1393
1393
852
1014
917
918
1002
106529
1393
809
1197
924
1092
924
1098
1136
924
1122
1897
1170
1590
875
924
1308
1824
1936
1776
858
6026
769
769
2294
769
769
769
1062
1444
700
1046
1800
1800
1800
1800
1085
1085
31544
13583
2693
1393
1470
972
841
2313
1614
1182
1808
1582
1724
1400
1400
873
910
612
612
612
612
612
612
698
2394
1914
840
673
673
673
850
855
860
877
9432
4932
675
1082
936
1746
1194
1194
1000
1000
1344
2760
2946
4884
44850
2076
1068
2148
11304
1152
1260
1260
1086
1086
2532
2532
2532
1914
2532
1344
924
895
4734
1662
1668
1668
3390
1842
1330
4002
2430
4944
2568
2904
3294
918
2382
2520
7458
594
924
1614
594
990
990
990
990
666
846
924
912
846
990
990
660
1254
3198
1254
1062
912
924
660
3720
864
1254
864
846
846
864
918
2898
846
852
852
846
1062
864
846
864
852
852
846
846
846
594
1356
1278
990
990
924
912
846
660
660
990
846
1596
852
864
912
852
990
990
1182
846
864
990
990
864
912
660
852
924
852
846
846
846
846
846
1278
1254
846
1188
864
864
924
1662
924
846
846
912
846
666
924
846
918
846
3441
1264
1246
1246
2060
3503
1398
2265
2238
2028
24541
18030
1031
1031
1245
2465
675
1266
1266
1266
1266
1212
1200
1652
984
1264
1264
1252
1246
1246
1246
846
840
839
1251
911
905
905
905
905
905
905
905
905
857
857
857
857
857
857
857
857
857
857
976
976
976
976
976
976
976
976
976
845
845
839
839
839
839
839
839
839
839
839
839
839
839
839
839
1242
1086
2532
1086
2532
1086
2532
852
976
834
834
834
834
1500
1500
1903
976
840
840
1428
641
641
641
641
641
641
641
641
641
641
641
641
641
641
641
641
641
641
641
641
641
815
641
641
641
641
1541
804
2950
808
876
804
804
804
804
804
804
804
804
804
804
804
804
804
804
804
804
804
804
804
804
804
804
804
804
804
804
804
804
804
801
4572
4572
800
800
641
641
641
641
641
641
641
641
1275
1275
804
804
804
804
804
804
804
804
804
804
804
804
804
933
998
998
800
804
804
804
804
804
804
804
804
804
804
804
1161
1161
705
785
7996
1161
1161
1161
1161
1161
1161
1161
1161
1161
1161
1161
1161
1161
1161
710
860
710
860
710
860
610
1424
5924
765
840
765
840
765
840
765
840
765
840
765
840
765
840
765
840
765
840
765
840
765
840
765
850
765
850
765
855
1161
1161
1161
1227
765
870
998
770
900
770
910
770
915
1238
770
935
710
1000
1523
1523
621
900
900
900
900
900
885
890
885
895
885
865
885
890
1161
1161
1161
1161
1161
885
900
885
915
3752
2715
3436
770
770
653
401
1250
1523
1880
2237
957
2594
778
2793
3313
1043
845
46528
9525
4393
1038
839
1043
839
4389
818
531
2174
885
885
725
724
2804
1060
1098
710
710
906
1180
741
741
741
741
804
641
1045
550
765
855
28007
5311
1000
1305
15070
738
730
730
1635
1795
730
690
1795
1905
909
724
2295
1127
2805
563
966
720
720
720
735
735
561
719
719
719
877
724
724
723
1130
875
1540
675
675
98991
800
660
660
1045
1050
10636
1130
714
714
1240
713
555
1130
1130
1130
570
2300
1870
1295
710
710
710
715
9370
730
750
895
905
950
1045
1070
1115
1120
1160
1160
1185
1245
1245
1245
30764
2905
3025
1570
3605
1910
772
6290
4700
4755
4805
2420
2455
2455
2515
2935
2935
3115
7380
4985
25358
1330
1170
745
720
800
1380
1705
510
705
630
630
630
630
765
1370
735
3005
610
695
1345
800
550
770
2635
700
845
3675
705
1200
895
1095
705
565
555
630
630
720
550
705
705
705
705
710
1115
1060
550
1105
550
700
5600
700
700
550
78400
850
720
705
710
700
550
1725
745
555
565
705
705
1665
4200
565
705
700
1630
630
860
720
700
630
690
1545
720
3995
700
700
1040
13595
1400
64075
555
7325
2179
3163
1454
1339
1039
4628
1722
1058
1058
1058
1058
1058
1053
1043
988
1452
1392
1382
858
858
718
708
708
708
1042
663
1040
550
608
1206
1455
1455
1450
857
857
563
553
553
553
553
553
548
548
548
817
732
760
1655
717
717
702
702
702
702
702
702
702
702
1150
1035
816
2194
1990
145893
960
3069
1149
1721
58592
716
2476
701
701
701
3972
860
860
780
2643
765
1376
1053
1053
1053
1053
1043
745
745
1043
1038
1038
1038
720
720
854
700
700
700
1082
874
4875
819
546
819
546
759
714
714
714
714
714
714
714
714
714
714
714
714
704
704
704
704
704
704
704
704
704
699
699
699
699
559
839
699
699
699
699
699
699
699
699
699
699
560
550
698
698
698
849
853
710
710
700
695
695
695
695
555
844
841
1436
844
844
30448
5990
1093
895
837
748
29479
4056
1070
432
7035
945
339
6295
945
837
837
728
748
541
730
364
30346
32985
3355
887
513
657
1025
656
567
857
927
510
820
667
616
616
616
616
616
963
824
2314
911
966
1451
614
26896
2886
649
649
506
869
208
1512
643
643
32894
4104
360
1264
1264
442
646
736
548
935
918
1561
1561
1895
513
947
453
779
643
643
643
30722
648
637
46052
1575
501
496
4440
1005
1000
1296
24125
7386
986
1895
1324
643
643
643
857
897
986
27246
42555
1045
1768
929
1292
568
684
1465
1465
1465
568
688
568
688
568
688
568
688
568
688
568
688
568
688
568
688
568
688
568
688
568
688
568
688
612
644
564
628
568
688
568
688
568
688
568
688
568
688
785
612
672
612
652
612
676
612
676
612
676
612
676
612
676
708
612
680
612
680
612
680
612
680
612
680
612
680
612
680
612
680
612
680
612
680
612
680
612
680
612
680
612
680
612
680
612
676
612
676
612
680
612
680
612
676
612
680
612
680
612
680
612
680
612
680
612
680
612
680
612
680
612
676
612
680
929
592
605
605
592
648
634
639
719
867
612
684
612
680
612
684
612
680
612
684
612
684
612
680
612
684
612
680
612
680
612
688
612
684
610
676
610
676
610
676
610
676
610
676
610
676
610
676
610
676
610
676
610
676
610
676
610
676
610
676
610
676
610
676
610
676
610
676
610
676
610
676
610
676
610
676
610
676
610
676
610
676
610
676
610
676
610
676
610
676
610
676
610
676
610
676
610
676
610
676
610
676
610
676
610
676
610
676
612
700
612
700
612
700
609
1496
612
720
612
720
612
700
612
700
612
720
612
700
612
720
612
720
612
700
612
700
612
720
612
700
612
700
612
720
612
700
612
700
612
720
612
700
612
700
612
720
612
700
612
720
612
700
612
700
612
720
612
720
612
720
612
700
616
720
612
724
798
616
732
616
732
616
732
616
732
616
732
616
732
616
732
616
732
616
732
616
732
616
732
616
732
616
732
616
732
616
732
2286
608
700
612
720
612
700
612
720
612
700
612
720
612
700
612
720
1373
8897
616
736
1092
929
616
740
616
740
616
740
616
740
616
740
616
744
757
484
616
748
1126
564
812
568
812
700
700
1012
756
1088
561
724
724
754
929
929
929
482
1126
845
708
728
708
728
1265
757
693
4649
754
754
2700
6700
1292
1200
600
482
1043
582
1025
1497
719
524
610
912
920
1045
1101
699
767
10930
1100
1100
1200
1200
1613
959
10824
13017
13017
12488
10114
11576
13313
10935
619
619
619
743
1588
472
2111
12417
592
592
890
654
654
654
470
1021
1764
4070
1125
615
7798
570
570
700
700
700
964
900
708
516
516
516
516
616
616
768
652
1700
605
1035
1184
1184
1184
1184
493
576
1465
600
600
600
600
600
600
600
592
596
593
592
592
592
592
592
592
882
592
592
592
592
592
592
592
592
592
595
592
605
596
767
765
1185
947
900
1044
1184
1184
1184
1184
1184
1184
1184
1048
848
616
732
848
616
732
848
616
732
848
616
732
848
616
732
848
616
732
848
616
732
958
1166
482
924
944
944
940
951
466
2900
3175
584
939
939
1734
462
462
848
462
462
848
462
462
848
462
462
848
462
462
848
462
462
848
462
462
848
462
462
848
462
462
848
462
462
848
462
462
848
462
462
848
462
462
848
462
462
848
462
462
848
462
462
848
462
462
848
462
462
848
462
462
848
462
462
848
462
462
848
462
462
848
462
462
848
462
462
848
462
462
848
462
462
848
462
462
848
462
462
848
462
462
848
660
735
7778
37975
748
600
1428
708
1624
794
511
511
17057
760
878
878
878
878
937
937
806
595
979
928
1046
1071
468
596
596
604
645
763
607
607
948
17546
1655
26372
560
560
560
560
560
560
4400
560
741
1604
724
593
593
593
513
597
475
475
475
475
475
475
723
853
605
878
462
462
693
924
462
423
736
592
592
592
592
592
592
592
592
592
592
592
592
592
592
592
592
592
592
466
466
466
932
1549
596
596
914
742
658
658
815
955
781
578
591
1566
280
771
633
857
590
455
784
681
1029
962
506
2303
2770
944
1040
939
459
459
14584
462
1072
785
785
785
739
880
700
584
584
584
555
1217
1217
1472
632
1011
29367
17016
553
1150
675
675
580